-30.8       13.65
-30.597     13.65
-30.393     13.65
-30.19      13.65
-29.986     13.65
-29.783     13.65
-29.579     13.65
-29.376     13.65
-29.172     13.65
-28.969     13.65
-28.766     13.65
-28.562     13.65
-28.359     13.65
-28.155     13.65
-27.952     13.65
-27.748     13.65
-27.545     13.65
-27.341     13.65
-27.138     13.65
-26.934     13.65
-26.731     13.65
-26.528     13.65
-26.324     13.65
-26.121     13.65
-25.917     13.65
-25.714     13.65
-25.51      13.65
-25.307     13.65
-25.103     13.65
-24.9       13.65
-24.9       13.629
-24.648     13.63
-24.397     13.629
-24.145     13.626
-23.894     13.62
-23.642     13.606
-23.391     13.568
-23.139     13.497
-22.888     13.424
-22.636     13.35
-22.385     13.275
-22.133     13.2
-21.882     13.126
-21.63      13.052
-21.379     12.978
-21.127     12.904
-20.876     12.824
-20.624     12.744
-20.373     12.658
-20.121     12.571
-19.87      12.485
-19.618     12.398
-19.367     12.312
-19.115     12.225
-18.864     12.139
-18.612     12.053
-18.361     11.966
-18.109     11.88
-17.858     11.793
-17.606     11.706
-17.355     11.619
-17.103     11.528
-16.852     11.435
-16.6       11.342
-16.348     11.25
-16.097     11.157
-15.845     11.064
-15.594     10.972
-15.342     10.879
-15.091     10.786
-14.839     10.694
-14.588     10.604
-14.336     10.515
-14.085     10.426
-13.833     10.336
-13.582     10.247
-13.33      10.157
-13.079     10.068
-12.827     9.9785
-12.576     9.889
-12.324     9.8003
-12.073     9.7121
-11.821     9.626
-11.57      9.5406
-11.318     9.4549
-11.067     9.3693
-10.815     9.2835
-10.564     9.1978
-10.312     9.1124
-10.061     9.0268
-9.8091     8.9412
-9.5576     8.8555
-9.3061     8.7693
-9.0545     8.6804
-8.803      8.5865
-8.5515     8.4926
-8.3        8.3986
-8.0485     8.3046
-7.797      8.2106
-7.5455     8.1167
-7.2939     8.0227
-7.0424     7.9352
-6.7909     7.8497
-6.5394     7.7693
-6.2879     7.6899
-6.0364     7.6007
-5.7848     7.5107
-5.5333     7.4177
-5.2818     7.3248
-5.0303     7.2322
-4.7788     7.1418
-4.5273     7.0584
-4.2758     6.9764
-4.0242     6.8975
-3.7727     6.8184
-3.5212     6.739
-3.2697     6.6637
-3.0182     6.5919
-2.7667     6.5311
-2.5152     6.4767
-2.2636     6.4336
-2.0121     6.3946
-1.7606     6.353
-1.5091     6.311
-1.2576     6.2944
-1.0061     6.2802
-0.75455        6.2791
-0.50303        6.2805
-0.25152        6.3005
0           6.35
0.69941     6.57
1.3988      6.9257
2.0982      7.3111
2.7976      7.7322
3.497       8.1858
4.1964      8.6524
4.8959      9.0898
5.5953      9.4959
6.2947      9.9683
6.9941      10.434
7.6935      10.839
8.3929      11.265
9.0923      11.688
9.7917      12.109
10.491      12.52
11.191      12.98
11.89       13.441
12.589      13.835
13.289      14.226
13.988      14.665
14.688      15.074
15.387      15.463
16.086      15.835
16.786      16.19
17.485      16.568
18.185      16.957
18.884      17.339
19.583      17.716
20.283      18.101
20.982      18.503
21.682      18.88
22.381      19.225
23.08       19.571
23.78       19.917
24.479      20.264
25.179      20.627
25.878      21.004
26.578      21.364
27.277      21.68
27.976      21.987
28.676      22.339
29.375      22.66
30.075      22.965
30.774      23.281
31.473      23.627
32.173      23.959
32.872      24.233
33.572      24.507
34.271      24.805
34.97       25.117
35.67       25.439
36.369      25.772
37.069      26.084
37.768      26.359
38.467      26.626
39.167      26.894
39.866      27.175
40.566      27.462
41.265      27.751
41.964      28.035
42.664      28.314
43.363      28.593
44.063      28.868
44.762      29.122
45.462      29.377
46.161      29.631
46.86       29.885
47.56       30.136
48.259      30.388
48.959      30.64
49.658      30.89
50.357      31.139
51.057      31.388
51.756      31.631
52.456      31.863
53.155      32.097
53.854      32.328
54.554      32.562
55.253      32.804
55.953      33.045
56.652      33.271
57.351      33.48
58.051      33.687
58.75       33.895
59.45       34.119
60.149      34.35
60.849      34.578
61.548      34.805
62.247      35.02
62.947      35.233
63.646      35.446
64.346      35.661
65.045      35.879
65.744      36.1
66.444      36.318
67.143      36.517
67.843      36.716
68.542      36.914
69.241      37.112
69.941      37.303
70.64       37.494
71.34       37.684
72.039      37.875
72.738      38.069
73.438      38.265
74.137      38.462
74.837      38.659
75.536      38.855
76.236      39.031
76.935      39.202
77.634      39.384
78.334      39.568
79.033      39.753
79.733      39.936
80.432      40.12
81.131      40.302
81.831      40.471
82.53       40.639
83.23       40.806
83.929      40.973
84.628      41.14
85.328      41.307
86.027      41.474
86.727      41.644
87.426      41.811
88.125      41.978
88.825      42.145
89.524      42.312
90.224      42.486
90.923      42.659
91.622      42.833
92.322      43.006
93.021      43.18
93.721      43.352
94.42       43.523
95.12       43.674
95.819      43.821
96.518      43.967
97.218      44.113
97.917      44.26
98.617      44.406
99.316      44.553
100.02      44.703
100.71      44.854
101.41      45.008
102.11      45.162
102.81      45.314
103.51      45.467
104.21      45.622
104.91      45.775
105.61      45.931
106.31      46.086
107.01      46.245
107.71      46.401
108.41      46.559
109.11      46.715
109.81      46.873
110.51      47.024
111.21      47.165
111.91      47.308
112.6       47.449
113.3       47.594
114     47.738
114.7       47.882
115.4       48.03
116.1       48.182
116.8       48.34
117.5       48.497
118.2       48.65
