-25.112     0.19237
-24.634     0.1923
-24.156     0.1923
-23.678     0.19231
-23.2       0.19241
-22.723     0.19246
-22.245     0.19234
-21.767     0.19237
-21.289     0.19228
-20.811     0.19012
-20.333     0.18688
-19.856     0.18389
-19.378     0.18116
-18.9       0.17822
-18.422     0.17566
-17.945     0.17276
-17.467     0.16974
-16.989     0.16671
-16.511     0.16367
-16.033     0.16062
-15.555     0.15758
-15.078     0.15457
-14.6       0.15163
-14.122     0.1487
-13.644     0.14558
-13.166     0.1423
-12.689     0.13901
-12.211     0.13601
-11.733     0.133
-11.255     0.13007
-10.777     0.12734
-10.299     0.1246
-9.8217     0.12165
-9.3439     0.11863
-8.8661     0.11562
-8.3884     0.11259
-7.9106     0.10955
-7.4325     0.10654
-6.9548     0.10373
-6.477      0.10091
-5.9992     0.098022
-5.5215     0.094902
-5.0437     0.091788
-4.5659     0.088434
-4.0881     0.085176
-3.6101     0.081438
-3.1323     0.07674
-2.6546     0.072054
-2.1768     0.067848
-1.699      0.063222
-1.2212     0.059171
-0.74333        0.054328
-0.26553        0.050797
0.21228     0.052488
0.69009     0.056793
1.1679      0.062442
1.6457      0.069402
2.1235      0.0759
2.6012      0.082752
3.0792      0.088572
3.557       0.09498
4.0348      0.1017
4.5126      0.10772
4.9903      0.11316
5.4681      0.12007
5.9459      0.12697
6.4239      0.13376
6.9017      0.14048
7.3795      0.14711
7.8572      0.15367
8.335       0.16007
8.8128      0.16632
9.2906      0.17266
9.7683      0.17933
10.246      0.18554
10.724      0.19175
11.202      0.19822
11.68       0.2047
12.157      0.21141
12.635      0.21812
13.113      0.22426
13.591      0.23039
14.069      0.23661
14.547      0.24286
15.024      0.24968
15.502      0.25665
15.98       0.26339
16.458      0.26959
16.936      0.27579
17.413      0.28241
17.891      0.28921
18.369      0.29602
18.847      0.30221
19.325      0.30824
19.802      0.31444
20.28       0.32095
20.758      0.32747
21.236      0.33409
21.714      0.34105
22.191      0.34802
22.669      0.35444
23.147      0.3607
23.625      0.36689
24.103      0.37283
24.581      0.37927
25.058      0.38759
25.537      0.39881
26.015      0.41081
26.492      0.42146
26.97       0.43109
27.447      0.44435
27.925      0.45693
28.402      0.46867
28.88       0.48094
29.36       0.49369
29.837      0.50596
30.315      0.51858
30.792      0.53195
31.27       0.54553
31.747      0.55785
32.225      0.57002
32.703      0.58258
33.18       0.59518
33.66       0.61098
34.138      0.62226
34.615      0.63438
35.093      0.64506
35.57       0.65754
36.048      0.6711
36.525      0.68346
37.003      0.69378
37.48       0.69204
37.96       0.6876
38.438      0.68124
38.915      0.67416
39.393      0.6633
39.87       0.64746
40.348      0.62268
40.825      0.60306
41.303      0.58205
41.78       0.55835
42.261      0.54042
42.738      0.52075
43.216      0.5047
43.693      0.48259
44.171      0.45907
44.648      0.43591
45.126      0.41809
45.603      0.39992
46.081      0.39913
46.561      0.4001
47.038      0.40142
47.516      0.40261
47.993      0.40444
48.471      0.40653
48.948      0.40946
49.426      0.41259
49.903      0.41495
50.383      0.41731
50.861      0.41908
51.338      0.4205
51.816      0.42191
52.294      0.42329
52.771      0.42467
53.249      0.42605
53.726      0.42742
54.204      0.42874
54.684      0.42989
55.161      0.43105
55.639      0.4322
56.116      0.43335
56.594      0.4345
57.071      0.43561
57.549      0.43669
58.026      0.43777
58.504      0.43885
58.984      0.43993
59.461      0.44101
59.939      0.44211
60.416      0.44321
60.894      0.44431
61.371      0.4454
61.849      0.44648
62.327      0.44756
62.804      0.44865
63.284      0.44973
63.762      0.45082
64.239      0.45196
64.717      0.45313
65.194      0.4543
65.672      0.4555
66.149      0.45677
66.627      0.45803
67.107      0.4593
67.584      0.46057
68.062      0.46183
68.539      0.46304
69.017      0.46406
69.494      0.46507
69.972      0.46608
70.449      0.46709
70.927      0.46811
71.407      0.46912
71.885      0.47017
72.362      0.47153
72.84       0.47288
73.317      0.47424
73.795      0.4754
74.272      0.47625
74.75       0.47714
75.227      0.47805
75.707      0.4789
76.185      0.47918
76.662      0.47947
77.14       0.47975
77.617      0.48003
78.095      0.48038
78.572      0.48075
79.05       0.48112
79.527      0.4815
80.007      0.48187
80.485      0.48224
80.963      0.4826
81.44       0.48286
81.918      0.48311
82.395      0.48337
82.873      0.48362
83.35       0.48388
83.828      0.48413
84.308      0.48439
84.785      0.48465
85.263      0.48494
85.74       0.48524
86.218      0.48554
86.695      0.48584
87.173      0.48614
87.65       0.48644
88.13       0.48674
88.608      0.48705
89.085      0.48727
89.563      0.48744
90.04       0.48761
90.518      0.48778
90.996      0.48794
91.473      0.48811
91.951      0.48828
92.431      0.48845
92.908      0.48862
93.386      0.48878
93.863      0.48898
94.341      0.4892
94.818      0.48943
95.296      0.48966
95.773      0.48989
96.251      0.49011
96.731      0.49034
97.208      0.49057
97.686      0.49079
98.163      0.49102
98.641      0.4911
99.118      0.49117
99.596      0.49124
100.07      0.4913
100.55      0.49138
101.03      0.49144
101.51      0.49151
101.99      0.49141
102.46      0.4913
102.94      0.49119
103.42      0.49108
103.9       0.49097
104.37      0.49072
104.85      0.49035
105.33      0.48998
105.81      0.48961
106.29      0.48923
106.76      0.48884
107.24      0.48838
107.72      0.48791
108.2       0.48744
108.67      0.48697
109.15      0.4865
109.63      0.48615
110.11      0.48585
110.59      0.48555
111.06      0.48524
111.54      0.48493
112.02      0.48456
112.5       0.48419
112.97      0.48382
113.45      0.48344
113.93      0.48307
114.41      0.48262
114.89      0.48216
115.36      0.4817
115.84      0.48123
116.32      0.48077
116.8       0.48061
117.27      0.48061
117.75      0.48061
