  -1.2218465870545028e+01	   7.7849132713326501e+00	
  -1.1611257917556619e+01	   7.8198926395379242e+00	
  -1.1095682221522761e+01	   7.8383824363732701e+00	
  -1.0489268308889244e+01	   7.8974439141990569e+00	
  -1.0011615980205034e+01	   7.9478692578792556e+00	
  -9.3512284978483091e+00	   8.0473284840463251e+00	
  -8.8372408825242452e+00	   8.1139825001227006e+00	
  -8.2692796974769731e+00	   8.2210342645403554e+00	
  -7.6449628216418155e+00	   8.2962374484377364e+00	
  -7.1322986069092291e+00	   8.4030283138816397e+00	
  -6.5298548960501712e+00	   8.5825003398100090e+00	
  -5.9511371109952975e+00	   8.9224327968838910e+00	
  -5.6810045822609787e+00	   9.1163941687167682e+00	
  -5.3574278440400462e+00	   9.3668080286379301e+00	
  -5.1618186494135401e+00	   9.5845036447929868e+00	
  -4.9101184441174563e+00	   9.7783780503012814e+00	
  -4.8595857159321234e+00	   9.9231316069981226e+00	
  -4.7753645022898876e+00	   1.0164387534826195e+01	
  -4.5468608625613829e+00	   1.0502667631732997e+01	
  -4.4070779984861659e+00	   1.0736157088661313e+01	
  -4.2704712958305198e+00	   1.1065974984071692e+01	
  -4.2217913284732589e+00	   1.1266920129883070e+01	
  -4.1391581955408192e+00	   1.1556340276952175e+01	
  -4.1144688341060398e+00	   1.1925773223782580e+01	
  -3.9425855652837143e+00	   1.2303929271083156e+01	
  -3.7909873807277066e+00	   1.2738189941173685e+01	
  -3.5280012151874196e+00	   1.3148890299591201e+01	
  -3.4630063653383125e+00	   1.3414141370715203e+01	
  -3.4204140407019032e+00	   1.3799716023617204e+01	
  -3.1787716799011072e+00	   1.4298630484318693e+01	
  -3.0121820134447326e+00	   1.4837333929089374e+01	
  -2.8998305968298510e+00	   1.5343666995392287e+01	
  -2.7850970591503064e+00	   1.5777753732833649e+01	
  -2.6008691096105885e+00	   1.6340626253549431e+01	
  -2.5601295458022477e+00	   1.6782392495565965e+01	
  -2.4656810923890085e+00	   1.7272583855797283e+01	
  -2.4615414953388353e+00	   1.7706148795291146e+01	
  -2.4400282953236250e+00	   1.8171910180603611e+01	
  -2.2873713902944175e+00	   1.8574061371200120e+01	
  -2.2255527018648777e+00	   1.8935640880806186e+01	
  -2.1287221273869612e+00	   1.9353585912175959e+01	
  -2.0661093986025350e+00	   1.9691083312161510e+01	
  -1.9837409457883801e+00	   1.9988530829104121e+01	
  -1.8126517173209500e+00	   2.0390768986025208e+01	
  -1.7697947125662310e+00	   2.0768316269053706e+01	
  -1.6189905683651062e+00	   2.1226659048764752e+01	
  -1.5306297576727061e+00	   2.1901479916086686e+01	
  -1.3403141654121491e+00	   2.2279722929711845e+01	
  -1.3127133226760961e+00	   2.2560854807933698e+01	
  -1.1015832859126391e+00	   2.2866938459021895e+01	
  -9.4945574112002262e-01	   2.3285144389365414e+01	
  -9.5924890549703079e-01	   2.3582157074685110e+01	
  -8.9398937552962465e-01	   2.3839380775935606e+01	
  -7.3550950789787706e-01	   2.4064929829314998e+01	
  -6.4652405212629915e-01	   2.4161693099419981e+01	
  -5.3910627291647728e-01	   2.4258543335849545e+01	
  -4.8513270319327972e-01	   2.4298941084190819e+01	
  -3.7639152339198034e-01	   2.4355654471252858e+01	
  -2.1050061244790541e-01	   2.4356437168174107e+01	
   1.2540029638941519e-02	   2.4301289174954569e+01	
   3.5207234969934831e-02	   2.4172938223303074e+01	
   4.1824237927368557e-02	   2.3972253976465446e+01	
   6.8991005269406713e-02	   2.3707437736964355e+01	
   9.5099052138266416e-02	   2.3474730976957286e+01	
   1.3990410256364783e-01	   2.3234083813401298e+01	
   1.2888282243774185e-01	   2.3009230490618570e+01	
   9.9693898991905172e-02	   2.2776262831637755e+01	
   1.6478403368360617e-01	   2.2479511045291815e+01	
   1.4035935236712049e-01	   2.2102050728587905e+01	
   2.2546989120682781e-01	   2.1757221689325512e+01	
   2.9373618731808548e-01	   2.1364141464497511e+01	
   3.4542292081919967e-01	   2.0914782684230389e+01	
   3.7867733088208055e-01	   2.0465336937638678e+01	
   4.0875557952540120e-01	   2.0112219629529040e+01	
   5.2129756582544573e-01	   1.9494546980892057e+01	
   5.5508133612492827e-01	   1.9029046494553338e+01	
   5.5597066132240514e-01	   1.8442961527462874e+01	
   5.5712466663818816e-01	   1.7848849190498910e+01	
   7.1367766300873114e-01	   1.7014611487926455e+01	
   9.0259574424468170e-01	   1.6317013005852758e+01	
   1.0565019394322519e+00	   1.5563049002015356e+01	
   1.0015649340784485e+00	   1.4992757875698153e+01	
   1.1659630491553195e+00	   1.4479701934390489e+01	
   1.3046130823242343e+00	   1.3629322525746440e+01	
   1.4679524769279197e+00	   1.3148376063932796e+01	
   1.5420417356417282e+00	   1.2578693701887682e+01	
   1.6187777955385059e+00	   1.1928737641107508e+01	
   1.7748014316724543e+00	   1.1110554678282062e+01	
   2.0862240588611662e+00	   1.0052246349848131e+01	
   2.3565471572806516e+00	   9.1222020067411158e+00	
   2.5807418046832780e+00	   8.4729416765576122e+00	
   2.8631449037018726e+00	   7.7356411767393043e+00	
   3.2288057807320740e+00	   6.7097032267731400e+00	
   3.6755117099849528e+00	   6.0213496431171132e+00	
   4.2133205359557913e+00	   5.3655403705780245e+00	
   4.7642680829989104e+00	   4.8703654618336252e+00	
   4.9581198016399171e+00	   4.5822498096332733e+00	
   5.0750660651084338e+00	   4.3901147306166477e+00	
   5.3402649564376929e+00	   4.1745932725761765e+00	
   5.6599667777267513e+00	   3.9834148231299689e+00	
   5.9433333123759269e+00	   3.7760077012875883e+00	
   6.2638291740198753e+00	   3.5607471422208676e+00	
   6.5853837561370128e+00	   3.3133771036601223e+00	
   6.8318856439097431e+00	   3.1057960491685703e+00	
   7.2432197221533556e+00	   2.9311071710922945e+00	
   7.8588974389272828e+00	   2.7092107033454011e+00	
   8.4192781853865242e+00	   2.4870533366247618e+00	
   9.1284409199430918e+00	   2.2254548511332586e+00	
   9.9113329482525820e+00	   1.9642042309400929e+00	
   1.0859057167032955e+01	   1.7358457871621942e+00	
   1.2362927250379812e+01	   1.4137678946397421e+00	
   1.3878347974089166e+01	   1.3004885851530048e+00	
   1.5393768697798514e+01	   1.1872092756662678e+00	
   1.7281276731810337e+01	   9.7131348431563125e-01	
   1.8537586206911278e+01	   8.8892612577874652e-01	
   2.0476685689581636e+01	   7.8567441163093554e-01	
   2.2654611336594087e+01	   7.0763536932322224e-01	
   2.4444399470930513e+01	   6.5987951369328146e-01	
   2.7210836067374849e+01	   6.2476024313976108e-01	
   2.8836321371477005e+01	   5.2805747134753478e-01	
   3.0900212236322204e+01	   5.5385243944788898e-01	
   3.2763200304174937e+01	   5.2249918886329194e-01	
   3.4311515472986287e+01	   5.2980436012829990e-01	
   3.6027838993688093e+01	   4.7367326932651393e-01	
   3.7854491774900993e+01	   4.2609134634574009e-01	
   3.9532891928253136e+01	   4.0189580238880745e-01	
   4.1173368714255638e+01	   4.0963580527673266e-01	
   4.2482328358488289e+01	   4.0778304444865315e-01	
   4.3716499988494832e+01	   4.3769189781626028e-01	
   4.5082080003633678e+01	   3.9596318659439933e-01	
   4.5967096208787012e+01	   3.9211020030090094e-01	
