   5.6419914781812732e+00	   7.7710497739489428e+00	
   6.4380678657011465e+00	   7.8999387230743112e+00	
   6.9811681605313245e+00	   7.9618590838798537e+00	
   7.3582485094209966e+00	   8.0369903994007146e+00	
   7.8526941585949954e+00	   8.1563818357449946e+00	
   8.2948675509381644e+00	   8.2320025726452055e+00	
   8.6606056449245887e+00	   8.2853597705756989e+00	
   8.9553331460526540e+00	   8.3381830542741753e+00	
   9.2023916893374924e+00	   8.4051071497413297e+00	
   9.4486288261115305e+00	   8.5081731316835274e+00	
   9.7172219100877566e+00	   8.6692441033964762e+00	
   9.9623090777466814e+00	   8.8229087264037442e+00	
   1.0089538101214808e+01	   8.9539983604726210e+00	
   1.0321640200948893e+01	   9.1581726388396216e+00	
   1.0552099487661382e+01	   9.4346306901567214e+00	
   1.0677685698107924e+01	   9.6380040971756937e+00	
   1.0814449882155554e+01	   9.8703799990800416e+00	
   1.0855054744005926e+01	   1.0167099410996789e+01	
   1.0957135038135174e+01	   1.0363066469310080e+01	
   1.1045573139130937e+01	   1.0638456692163144e+01	
   1.1181187354063450e+01	   1.0921431235132559e+01	
   1.1232641626910594e+01	   1.1261609896524700e+01	
   1.1398996980509667e+01	   1.1754474338165416e+01	
   1.1459000726123358e+01	   1.2239309531163089e+01	
   1.1588700814178138e+01	   1.2782505656752859e+01	
   1.1731714532762076e+01	   1.3260735372392874e+01	
   1.1996864554447219e+01	   1.4094134418247073e+01	
   1.2155498686844805e+01	   1.4926732592753241e+01	
   1.2280763179741284e+01	   1.5665094905308276e+01	
   1.2441204406462623e+01	   1.6418180929569338e+01	
   1.2495458306500742e+01	   1.7156009327892356e+01	
   1.2587024597291787e+01	   1.7814592533086277e+01	
   1.2654263565254743e+01	   1.8501911276049562e+01	
   1.2744844168232833e+01	   1.9203864745013536e+01	
   1.2946054538106717e+01	   2.0246441803896339e+01	
   1.3069511936679442e+01	   2.1064316266696480e+01	
   1.3231103132515894e+01	   2.1766803649892474e+01	
   1.3355217656297251e+01	   2.2555764603512575e+01	
   1.3510395036295250e+01	   2.3019626550267912e+01	
   1.3666722385408349e+01	   2.3432889855958177e+01	
   1.3730997444878174e+01	   2.3729787239285596e+01	
   1.3771109462822089e+01	   2.4048191783087368e+01	
   1.3815164232017816e+01	   2.4193115271808917e+01	
   1.3871218381325420e+01	   2.4330899368940784e+01	
   1.3905080864733012e+01	   2.4403450099006886e+01	
   1.3963270670968686e+01	   2.4447265291303626e+01	
   1.4045623518730306e+01	   2.4469573323126010e+01	
   1.4117291236797287e+01	   2.4441193728177993e+01	
   1.4143918497855614e+01	   2.4311260908278484e+01	
   1.4172352853237687e+01	   2.4101815938133875e+01	
   1.4213443713940281e+01	   2.3856318067219551e+01	
   1.4230700095721264e+01	   2.3617870602189566e+01	
   1.4288883056902691e+01	   2.3141153643540264e+01	
   1.4345094642458205e+01	   2.2751177212431077e+01	
   1.4388321160088871e+01	   2.2411710436681627e+01	
   1.4406234667078492e+01	   2.2144349462471606e+01	
   1.4434669022460564e+01	   2.1934904492326993e+01	
   1.4478388383997714e+01	   2.1573752584692517e+01	
   1.4511258334538088e+01	   2.1169141427582641e+01	
   1.4556620509096826e+01	   2.0735705746998057e+01	
   1.4565984543319907e+01	   2.0323688241182502e+01	
   1.4627781693148831e+01	   1.9687946982042984e+01	
   1.4701578223089641e+01	   1.9045066331313791e+01	
   1.4687922339847651e+01	   1.8083425193961482e+01	
   1.4738705797377644e+01	   1.7411453062641577e+01	
   1.4877263385640516e+01	   1.6523252512408735e+01	
   1.4940374785886721e+01	   1.5829684234909143e+01	
   1.5011871377597307e+01	   1.5288000866310089e+01	
   1.5071532870498167e+01	   1.4746228512005700e+01	
   1.5130701519492542e+01	   1.4226141289586341e+01	
   1.5250524194254995e+01	   1.3641443600038572e+01	
   1.5374946745477903e+01	   1.2854351346230533e+01	
   1.5456471341674471e+01	   1.2392269113581927e+01	
   1.5481777507261260e+01	   1.1799631161096460e+01	
   1.5553109817669686e+01	   1.1265176169792417e+01	
   1.5669482585086788e+01	   1.0832274403439854e+01	
   1.5744593365444878e+01	   1.0131566734350592e+01	
   1.5836803091336050e+01	   9.7201721284723881e+00	
   1.5953340140055310e+01	   9.2800419848248161e+00	
   1.6056399276943260e+01	   8.9121066284220092e+00	
   1.6158801288622559e+01	   8.5730847811992401e+00	
   1.6300322785378551e+01	   8.0753055906022606e+00	
   1.6392368229967552e+01	   7.6711393620190664e+00	
   1.6498877274200847e+01	   7.1514080824210549e+00	
   1.6712887895534632e+01	   6.5891074104010059e+00	
   1.6861480333337731e+01	   6.3010401470646498e+00	
   1.7098996870988810e+01	   5.7461458237502869e+00	
   1.7406538313685303e+01	   5.2351556784379980e+00	
   1.7785418911844484e+01	   4.7102426927677117e+00	
   1.8213939843472794e+01	   4.0844883677886301e+00	
   1.8843986017470794e+01	   3.4457900452102468e+00	
   1.9638409324387691e+01	   2.8661645408666487e+00	
   2.0322538272067380e+01	   2.4519908429602526e+00	
   2.1219370435717842e+01	   2.0538756423399236e+00	
   2.2291264861981823e+01	   1.7655208867247847e+00	
   2.3849712589861888e+01	   1.4229875266683609e+00	
   2.5559880945340346e+01	   1.1755798856164368e+00	
   2.7922129704468912e+01	   8.8246781729293611e-01	
   3.0066582527259769e+01	   7.9737694782867341e-01	
   3.1950991738840933e+01	   6.9587163825698517e-01	
   3.4533507498893869e+01	   6.0684486259514780e-01	
   3.6191899863975117e+01	   5.5424746568714278e-01	
   3.8512564918494597e+01	   5.2831840016300635e-01	
   4.0301307651785002e+01	   4.6947146871868706e-01	
   4.2751830230607169e+01	   4.5897800054326393e-01	
   4.4171877806472274e+01	   4.7688466247862876e-01	
   4.5402728082683907e+01	   4.8613917583360799e-01	
   4.6468215538163676e+01	   4.7969113472385211e-01	
   4.7107310873888949e+01	   4.8449636281201214e-01	
